,dT,mdi
0,0.25,33.335369103779186
1,0.034,33.039290456045904
2,0.224,33.33454894879351
3,0.048,33.20961946112668
4,0.05,34.07409012680689
5,0.096,33.94371919785455
6,0.243,34.25049792258831
7,0.282,33.95373419538109
8,0.179,33.90119371805883
9,0.361,34.380404248974074
10,0.339,33.997894342151326
11,0.125,32.83926133781469
12,0.166,33.93636705974116
13,0.234,34.4611831428763
14,0.377,33.665901565671106
15,0.277,34.169017370699635
16,0.422,33.8269094897725
17,0.577,34.83290335301418
18,0.324,34.18595316682559
19,0.331,33.88670027343979
20,0.489,34.21453204058614
21,0.543,34.59363381095893
22,0.544,33.9195448078102
23,0.467,34.23460215111779
24,0.607,34.219783104511
25,0.573,33.819997495418725
26,0.592,33.97622073069623
27,0.466,33.91501721957512
28,0.597,33.74118572129744
29,0.68,34.52632598803899
30,0.538,34.24620186741316
31,0.578,34.167258398916424
32,0.624,34.40214615086393
33,0.673,34.24203383171107
34,0.825,34.32746224688343
35,0.933,34.53164691561487
36,0.845,34.08962000865477
37,0.763,34.35241567686099
38,0.891,34.321861615621124
39,0.923,34.44408441739366
