,dT,mdi
0,0.25,32.88367539032113
1,0.034,33.22310148831393
2,0.224,33.18504530037079
3,0.048,32.54241683287458
4,0.05,33.03215595647844
5,0.096,33.54532027933644
6,0.243,34.350860890362625
7,0.282,33.06049346018299
8,0.179,34.12475812603434
9,0.361,33.13940493563553
10,0.339,32.47422785741705
11,0.125,32.67823193772117
12,0.166,33.46800423957796
13,0.234,33.69723296894265
14,0.377,33.23918303765805
15,0.277,34.360902411165064
16,0.422,32.974912401401525
17,0.577,34.55210100693015
18,0.324,34.45612800906353
19,0.331,34.05607720344114
20,0.489,33.92451441294868
21,0.543,33.88583167148195
22,0.544,33.92522530666244
23,0.467,33.79127388192743
24,0.607,33.608393210142786
25,0.573,33.474032845004125
26,0.592,33.61710066974904
27,0.466,33.868558147282045
28,0.597,33.72490849724522
29,0.68,34.12211293664896
30,0.538,33.50879099154061
31,0.578,33.74371904534143
32,0.624,34.15753397949774
33,0.673,33.574386592978485
34,0.825,33.88425797162254
35,0.933,34.40568538233924
36,0.845,33.98368353068548
37,0.763,33.75631132555998
38,0.891,34.14462833375281
39,0.923,34.637533805671175
