,dT,mdi
0,0.25,33.313840893559096
1,0.034,32.97277405997724
2,0.224,32.55450843666793
3,0.048,32.0729989709602
4,0.05,33.300782366420464
5,0.096,33.872606763999265
6,0.243,33.93710348057276
7,0.282,32.80126886635172
8,0.179,33.624935685788294
9,0.361,33.17716843322457
10,0.339,32.01122772975363
11,0.125,32.340544523392765
12,0.166,33.64995898375955
13,0.234,32.27581389899946
14,0.377,33.11640084954992
15,0.277,34.24270883614033
16,0.422,32.091015972881046
17,0.577,35.3343230149235
18,0.324,34.37183077554054
19,0.331,34.49250912668954
20,0.489,33.77576838837825
21,0.543,33.56448630467953
22,0.544,34.40823221366693
23,0.467,34.53190653156995
24,0.607,33.59915358540232
25,0.573,33.53627345669623
26,0.592,33.379312759741836
27,0.466,33.267240979360615
28,0.597,33.12927382820314
29,0.68,33.94858762478576
30,0.538,33.87388296914346
31,0.578,33.34052502766597
32,0.624,33.968710449740975
33,0.673,33.92800062264858
34,0.825,33.727537525752304
35,0.933,34.449281096029026
36,0.845,34.743752827408144
37,0.763,33.263278374323484
38,0.891,33.18918747067474
39,0.923,34.704526485012586
