,dT,mdi
0,0.25,31.96926751008912
1,0.034,31.149209000265
2,0.224,33.67306192376761
3,0.048,30.518248213648032
4,0.05,31.65043251492758
5,0.096,32.38999541470125
6,0.243,33.340332411497016
7,0.282,32.080899597273145
8,0.179,31.74381297068123
9,0.361,31.78495392545841
10,0.339,31.80895701959522
11,0.125,31.299294555606927
12,0.166,32.33047296988602
13,0.234,31.396740687231755
14,0.377,31.689397697443205
15,0.277,32.27472151244593
16,0.422,31.364547273097337
17,0.577,34.0795840246145
18,0.324,33.306144779453234
19,0.331,33.03169524712448
20,0.489,33.98242581504622
21,0.543,31.199243660154366
22,0.544,33.7200667107622
23,0.467,33.353182315497214
24,0.607,33.573076264196196
25,0.573,31.956095564116588
26,0.592,31.890300672174973
27,0.466,33.17597408600298
28,0.597,32.79430577318123
29,0.68,33.776458056856555
30,0.538,32.752535039354015
31,0.578,32.34852188828321
32,0.624,32.479339209758955
33,0.673,32.38967680339146
34,0.825,33.24788063982129
35,0.933,33.520756198585445
36,0.845,33.291434174527225
37,0.763,32.268584423458364
38,0.891,33.25064644056192
39,0.923,34.27679173117974
