,dT,mdi
0,0.25,33.90377581605698
1,0.034,33.60828776029773
2,0.224,34.1079451666979
3,0.048,33.48211408272908
4,0.05,33.43110518700783
5,0.096,33.96723656101284
6,0.243,33.780633052819105
7,0.282,34.17960873727662
8,0.179,33.55061363826759
9,0.361,34.88432767557114
10,0.339,33.47229529929398
11,0.125,32.75313718381436
12,0.166,33.089346719286176
13,0.234,33.358739941143725
14,0.377,33.894502194591745
15,0.277,33.70661508954096
16,0.422,34.539709689911966
17,0.577,34.38952797583303
18,0.324,33.716204710145675
19,0.331,33.40150881712522
20,0.489,33.95277225185027
21,0.543,34.74193367965175
22,0.544,33.39939957307217
23,0.467,33.53247892285209
24,0.607,33.96025312004943
25,0.573,33.846978135563404
26,0.592,33.84387051061295
27,0.466,34.18080145374387
28,0.597,35.3844416312855
29,0.68,34.6734943530393
30,0.538,34.124643580729526
31,0.578,34.413665561815385
32,0.624,33.89498850759643
33,0.673,34.52233442921014
34,0.825,33.52510536055109
35,0.933,34.60208442828444
36,0.845,33.88063524407026
37,0.763,34.27834940077395
38,0.891,34.07758215621041
39,0.923,35.242052893423256
