,dT,mdi
0,0.25,32.64950794625831
1,0.034,31.960597623439384
2,0.224,32.030207709116866
3,0.048,31.076104104914105
4,0.05,32.87876617524779
5,0.096,34.600959626323395
6,0.243,33.80739229988086
7,0.282,32.63175210478666
8,0.179,32.161229773220555
9,0.361,31.766419650148414
10,0.339,31.38020802917334
11,0.125,31.531284743967316
12,0.166,33.46690255197034
13,0.234,31.236698014968304
14,0.377,31.488203425476556
15,0.277,33.47210602547888
16,0.422,32.04877567386623
17,0.577,34.163022167801984
18,0.324,34.27441376882103
19,0.331,34.45101176187826
20,0.489,34.59293813958834
21,0.543,32.74378436557484
22,0.544,34.59722964943556
23,0.467,32.85608840064788
24,0.607,33.64960682850154
25,0.573,32.8022156507928
26,0.592,33.12642988097356
27,0.466,33.76668222228244
28,0.597,33.65048197638402
29,0.68,34.88116168974897
30,0.538,33.634255754120844
31,0.578,32.93313766824957
32,0.624,33.86451115139339
33,0.673,33.665917392888204
34,0.825,34.08029378683796
35,0.933,34.26716527782918
36,0.845,34.51888795857011
37,0.763,32.92074393163986
38,0.891,32.776791245633824
39,0.923,35.57301261948723
