,dT,mdi
0,0.25,31.783762386202763
1,0.034,30.548848452648933
2,0.224,31.353784513915468
3,0.048,30.27850967356877
4,0.05,31.63365562827283
5,0.096,32.82110713672004
6,0.243,33.346357748930245
7,0.282,32.27061087373273
8,0.179,31.218934389799855
9,0.361,31.42142680963542
10,0.339,31.308687672599554
11,0.125,30.54768774556146
12,0.166,32.653697376245816
13,0.234,31.01503418650696
14,0.377,31.113792078690935
15,0.277,31.805372572869413
16,0.422,31.16873255001422
17,0.577,33.76179126549368
18,0.324,33.63277641390165
19,0.331,33.55701420805228
20,0.489,34.218263874438996
21,0.543,31.365231211261356
22,0.544,33.17291176384961
23,0.467,31.56928924876756
24,0.607,33.746757251195234
25,0.573,31.343540353507343
26,0.592,31.68652509249658
27,0.466,33.28173680153506
28,0.597,33.6276694233661
29,0.68,33.87753458562495
30,0.538,32.1665138574767
31,0.578,32.046327634572165
32,0.624,31.655551822521915
33,0.673,32.64871895246776
34,0.825,32.923433229732886
35,0.933,32.674037139774484
36,0.845,32.97869745022311
37,0.763,32.24823988130039
38,0.891,32.01109897732962
39,0.923,34.1077002632837
