,dT,mdi
0,0.25,33.277141586513
1,0.034,33.39302238575331
2,0.224,32.947003388328866
3,0.048,32.59715703997615
4,0.05,33.67482470873956
5,0.096,33.84868171624979
6,0.243,34.38757431296776
7,0.282,33.45292590800178
8,0.179,33.70857727644126
9,0.361,33.55840408120753
10,0.339,31.724636746600943
11,0.125,32.21763894462539
12,0.166,33.84548807128187
13,0.234,32.647534879326635
14,0.377,32.83272836588392
15,0.277,34.1214075358445
16,0.422,32.190211527993725
17,0.577,35.34455026257668
18,0.324,34.953604956150876
19,0.331,34.7792991327308
20,0.489,34.35257331582199
21,0.543,34.16303636540408
22,0.544,34.67952067167014
23,0.467,33.63237311203443
24,0.607,33.47795215762568
25,0.573,33.428153891068355
26,0.592,33.92727388215465
27,0.466,33.607763349043054
28,0.597,33.63866236689128
29,0.68,34.409202217095185
30,0.538,33.95723460148423
31,0.578,33.73214972080997
32,0.624,33.66569558463508
33,0.673,34.33339185218938
34,0.825,34.01825237429353
35,0.933,34.5146544271092
36,0.845,34.24550065944581
37,0.763,33.47021128103119
38,0.891,33.74097245039208
39,0.923,34.79436418621552
