,dT,mdi
0,0.25,31.671589830520958
1,0.034,30.3194581809809
2,0.224,31.765072136280978
3,0.048,30.42534961079604
4,0.05,30.83964117450915
5,0.096,31.984072763435087
6,0.243,33.20681585774435
7,0.282,31.467975297147333
8,0.179,31.032056639697842
9,0.361,31.52819434431509
10,0.339,31.595581928963888
11,0.125,30.391651855967403
12,0.166,32.166323901139194
13,0.234,31.00249234903597
14,0.377,31.828257222074818
15,0.277,31.82646785977156
16,0.422,30.893398665520756
17,0.577,33.32263561144643
18,0.324,33.43124486780678
19,0.331,33.438747806051296
20,0.489,33.49328597971757
21,0.543,31.294869112111293
22,0.544,33.51345315879128
23,0.467,31.463127873189062
24,0.607,33.23429421326606
25,0.573,31.56005297276833
26,0.592,31.500420491991896
27,0.466,32.75954808084068
28,0.597,32.527961735891466
29,0.68,33.33819976185089
30,0.538,32.350648008264166
31,0.578,32.124297356481975
32,0.624,31.1946403482915
33,0.673,33.18595887399945
34,0.825,32.81579073651063
35,0.933,32.39595477283785
36,0.845,32.71960274430061
37,0.763,32.009264786685165
38,0.891,32.12682792025094
39,0.923,34.09429151710208
