,dT,mdi
0,0.25,32.53054373738198
1,0.034,32.551208846377385
2,0.224,32.56550744596278
3,0.048,32.32975817810666
4,0.05,32.7024144969152
5,0.096,32.9484289178502
6,0.243,34.147513258352404
7,0.282,32.97955395342561
8,0.179,33.82840258331588
9,0.361,32.59470268353076
10,0.339,32.16471551541836
11,0.125,32.26449218379699
12,0.166,33.107985779795506
13,0.234,33.52519494705293
14,0.377,33.223068391214085
15,0.277,33.83599606204356
16,0.422,32.54105895589228
17,0.577,34.30943770553952
18,0.324,34.20913084529793
19,0.331,33.85729390775056
20,0.489,33.62724684344552
21,0.543,33.577167476158806
22,0.544,33.98769296027721
23,0.467,34.025933189822354
24,0.607,33.56824366777814
25,0.573,33.092553591995404
26,0.592,33.36643204019951
27,0.466,33.76027479508348
28,0.597,33.22060080286107
29,0.68,33.994383246309525
30,0.538,33.216236922019164
31,0.578,33.41603209871618
32,0.624,34.1554644512081
33,0.673,33.45351670246385
34,0.825,34.03610463264993
35,0.933,34.187760519571526
36,0.845,33.868377971754065
37,0.763,33.77577075613573
38,0.891,34.17227450320487
39,0.923,34.4365849338914
