,dT,mdi
0,0.25,33.78479160792908
1,0.034,33.50682963530463
2,0.224,34.03654991226731
3,0.048,33.37893002958927
4,0.05,33.599985752404166
5,0.096,34.0155004839248
6,0.243,33.641167851238976
7,0.282,34.156089294682666
8,0.179,33.72928916775162
9,0.361,34.38468019620491
10,0.339,33.71546209901893
11,0.125,32.73396170203863
12,0.166,33.299858095711556
13,0.234,33.84568479357684
14,0.377,33.61602088317823
15,0.277,33.49703325116994
16,0.422,34.194938158777475
17,0.577,34.2824956242025
18,0.324,33.565138674443155
19,0.331,33.36593351848884
20,0.489,33.87611385377236
21,0.543,34.81361325352105
22,0.544,33.21757601691817
23,0.467,33.63128944817052
24,0.607,33.9736665532058
25,0.573,33.81869177109535
26,0.592,33.81362321939922
27,0.466,34.110393499516775
28,0.597,35.06412703128967
29,0.68,34.61003040114937
30,0.538,34.08082902832873
31,0.578,34.34780618168118
32,0.624,33.65460453560643
33,0.673,34.24252829556916
34,0.825,33.71405502084826
35,0.933,34.35460746530353
36,0.845,33.59531251381349
37,0.763,33.96449816083859
38,0.891,34.32795455051729
39,0.923,34.71193085982726
