,dT,mdi
0,0.25,34.06447853904966
1,0.034,33.43318327642547
2,0.224,33.6436178362467
3,0.048,32.966460521312804
4,0.05,32.59783951837791
5,0.096,34.20008189025762
6,0.243,33.35499871447767
7,0.282,33.119987532050395
8,0.179,32.946342099816064
9,0.361,33.7744132269594
10,0.339,33.48914218041339
11,0.125,32.87316076432504
12,0.166,33.193164551216526
13,0.234,33.32389838931664
14,0.377,33.395819577490876
15,0.277,32.73608496167906
16,0.422,33.084513833520205
17,0.577,33.967972701716874
18,0.324,33.63395704763517
19,0.331,32.88271743326156
20,0.489,32.969318579277285
21,0.543,32.75476483778179
22,0.544,32.92647176838429
23,0.467,32.968315780156786
24,0.607,33.862005302989125
25,0.573,33.4547012859205
26,0.592,33.949678616067345
27,0.466,33.34750199194638
28,0.597,33.250192121816646
29,0.68,33.90317019554165
30,0.538,33.7167495478179
31,0.578,33.16714622336869
32,0.624,33.18437360251833
33,0.673,32.87840867585264
34,0.825,32.82561159028467
35,0.933,33.80306157341685
36,0.845,33.4348698560529
37,0.763,33.3682023593937
38,0.891,33.09053479584154
39,0.923,33.222171544222014
