,dT,mdi
0,0.25,32.60596878490005
1,0.034,32.7276623425347
2,0.224,33.62418205625593
3,0.048,32.55646648615526
4,0.05,32.69676163943263
5,0.096,33.04757026765749
6,0.243,33.58515701300769
7,0.282,34.097326362266045
8,0.179,32.88192822089822
9,0.361,33.79875896569222
10,0.339,32.880854375803544
11,0.125,32.79752833545355
12,0.166,33.47336468125912
13,0.234,33.542135208447476
14,0.377,33.04790286001737
15,0.277,32.9843531801261
16,0.422,33.61742367303923
17,0.577,33.80229375289779
18,0.324,33.32557478392876
19,0.331,32.97198875221476
20,0.489,33.82521301555682
21,0.543,33.21110295933504
22,0.544,32.74062925978658
23,0.467,33.1431055102415
24,0.607,33.75680691543312
25,0.573,33.51180213378319
26,0.592,33.4496353612257
27,0.466,33.996588388430126
28,0.597,33.37648212045053
29,0.68,33.42346984925861
30,0.538,33.273495844162376
31,0.578,33.44041458291991
32,0.624,33.055918181662705
33,0.673,32.98389361316001
34,0.825,33.351824429171586
35,0.933,33.44940353061038
36,0.845,33.57696424617946
37,0.763,33.331117888117646
38,0.891,34.47722788149374
39,0.923,33.719076059042976
