,dT,mdi
0,0.25,34.252560093789015
1,0.034,33.560459970292044
2,0.224,34.17725767679234
3,0.048,33.288106990151775
4,0.05,32.825284778809774
5,0.096,34.40505918686362
6,0.243,33.982851329618875
7,0.282,33.635632886963506
8,0.179,32.82580476247076
9,0.361,33.77947378342011
10,0.339,33.5308332961291
11,0.125,32.9961516181454
12,0.166,33.86196529008882
13,0.234,33.76953105461308
14,0.377,33.738234327496315
15,0.277,33.07747224595646
16,0.422,33.65126933130323
17,0.577,34.12893541955551
18,0.324,33.63218776683179
19,0.331,32.76238467275782
20,0.489,33.651031663513734
21,0.543,33.598987173935726
22,0.544,33.059848792385424
23,0.467,33.24202896916011
24,0.607,34.0032287717052
25,0.573,34.015215705131304
26,0.592,34.01691675781276
27,0.466,33.75962919859546
28,0.597,33.405156693036815
29,0.68,34.05784115734926
30,0.538,33.62245566707375
31,0.578,33.546695223943814
32,0.624,33.539575776528274
33,0.673,33.76270532717983
34,0.825,33.300877874587115
35,0.933,33.87376394989454
36,0.845,33.03003143462235
37,0.763,33.0887297703487
38,0.891,33.62179971466675
39,0.923,34.00594975942656
