,dT,mdi
0,0.25,31.369372810395774
1,0.034,30.655690781835794
2,0.224,31.601219327804337
3,0.048,30.409208795234484
4,0.05,30.856063783903167
5,0.096,31.722892008942463
6,0.243,31.570710441252828
7,0.282,31.773597198186778
8,0.179,30.739617562579532
9,0.361,31.13919180791433
10,0.339,30.81975530303159
11,0.125,30.36175287886155
12,0.166,31.448665667505608
13,0.234,30.39990651011683
14,0.377,30.562579383736164
15,0.277,31.787765019833202
16,0.422,29.86975290359609
17,0.577,32.570736220948305
18,0.324,31.362489993557595
19,0.331,31.532911514831618
20,0.489,32.04119965359142
21,0.543,31.291645225741746
22,0.544,32.44738691439506
23,0.467,31.141537790669855
24,0.607,31.881337085436993
25,0.573,31.726634472645436
26,0.592,32.00229210923788
27,0.466,31.21273471511511
28,0.597,31.472028530119985
29,0.68,31.86643082792082
30,0.538,32.370743061678986
31,0.578,31.697670070791354
32,0.624,31.138404532131002
33,0.673,31.832646704723174
34,0.825,31.69567059003375
35,0.933,32.15228082209191
36,0.845,32.2809713820347
37,0.763,31.58005326466003
38,0.891,31.387624274084246
39,0.923,34.53277463878162
