,dT,mdi
0,0.25,33.91849463624198
1,0.034,33.66359579178186
2,0.224,33.81614022214177
3,0.048,33.40343617985275
4,0.05,33.45630270267001
5,0.096,34.29142834984147
6,0.243,33.630108155523885
7,0.282,34.09977494041724
8,0.179,33.73817389119877
9,0.361,34.15839120197673
10,0.339,33.628529998912946
11,0.125,32.687064830584376
12,0.166,33.26280146675458
13,0.234,34.0016307996557
14,0.377,33.85727362226655
15,0.277,33.56026321188604
16,0.422,34.19914822790451
17,0.577,34.127340109389536
18,0.324,33.77950575268463
19,0.331,33.63756446217109
20,0.489,33.49228152414489
21,0.543,34.91828613031569
22,0.544,33.35132744472347
23,0.467,34.055211449649484
24,0.607,34.210488877267565
25,0.573,33.83095643846278
26,0.592,33.965615411574184
27,0.466,34.08348784674678
28,0.597,34.64366223513662
29,0.68,34.40439021037266
30,0.538,33.78156710261064
31,0.578,34.67353045925161
32,0.624,33.71177101882496
33,0.673,34.14431341635083
34,0.825,33.78602130193352
35,0.933,34.19887072996885
36,0.845,33.99072290431383
37,0.763,34.284513980953285
38,0.891,34.28028579594354
39,0.923,34.62175343817151
