,dT,mdi
0,0.25,34.22516224611829
1,0.034,33.35968090421328
2,0.224,32.87376921455118
3,0.048,33.069426218367774
4,0.05,32.791899847095024
5,0.096,33.86256450995923
6,0.243,33.29032454775912
7,0.282,33.27289953022916
8,0.179,32.829016277345026
9,0.361,33.237156202338134
10,0.339,33.53328159644703
11,0.125,32.333665398563355
12,0.166,33.39550465310775
13,0.234,33.23094759783896
14,0.377,33.25069775340124
15,0.277,32.77561344839701
16,0.422,33.09305834034585
17,0.577,32.843129716828294
18,0.324,33.3239787034842
19,0.331,32.9288886196605
20,0.489,32.63864767239141
21,0.543,33.560754294675284
22,0.544,32.77814876002334
23,0.467,32.77506855159086
24,0.607,34.105219850418756
25,0.573,33.88252554285455
26,0.592,34.4268306371111
27,0.466,32.71084814064526
28,0.597,33.382440382745315
29,0.68,33.91596345788758
30,0.538,33.538019684632076
31,0.578,32.70868619711431
32,0.624,32.29151902740721
33,0.673,32.999263540884385
34,0.825,32.88896300092486
35,0.933,33.6530245225738
36,0.845,32.546578842240066
37,0.763,32.462096501239515
38,0.891,32.75888769701884
39,0.923,33.14625061013469
