,dT,mdi
0,0.25,33.577450942771904
1,0.034,32.99002973345005
2,0.224,32.04861621379062
3,0.048,33.27039507693391
4,0.05,32.66748400884828
5,0.096,33.66578829343072
6,0.243,32.881368270164856
7,0.282,33.088240622786884
8,0.179,32.467004388951274
9,0.361,33.41712659837901
10,0.339,33.06670979400058
11,0.125,31.917541066428164
12,0.166,33.38815441839602
13,0.234,32.689808317907655
14,0.377,33.14652694750436
15,0.277,32.71337051785349
16,0.422,32.40351153502979
17,0.577,32.601981685195966
18,0.324,33.257571448549875
19,0.331,33.139642728779336
20,0.489,32.146929322191596
21,0.543,33.092773362395626
22,0.544,32.37411178010392
23,0.467,32.29139342557201
24,0.607,33.920340010682075
25,0.573,33.19868366137284
26,0.592,33.92951586268101
27,0.466,32.16717430439158
28,0.597,32.85510578286363
29,0.68,32.439463454572405
30,0.538,32.51131364934578
31,0.578,32.91911559203925
32,0.624,32.414577724960374
33,0.673,32.924528057797374
34,0.825,32.95070873732107
35,0.933,33.096395594978546
36,0.845,32.19113396469275
37,0.763,32.42649163255358
38,0.891,32.672213540749986
39,0.923,33.03406937355331
