,dT,mdi
0,0.25,34.52303330862327
1,0.034,33.92938808686705
2,0.224,33.55001038581908
3,0.048,33.625696160836405
4,0.05,33.18347742734727
5,0.096,34.65236540623513
6,0.243,33.488041966107346
7,0.282,33.601373450629836
8,0.179,32.88753645772521
9,0.361,33.524982010638524
10,0.339,33.647817232452326
11,0.125,32.43513783981257
12,0.166,34.03116463902998
13,0.234,33.42728239047408
14,0.377,33.368037607288926
15,0.277,33.080270970187094
16,0.422,33.32932962682987
17,0.577,33.49602120345829
18,0.324,33.694238719617324
19,0.331,33.41595314318867
20,0.489,33.30531633928255
21,0.543,33.759470318309084
22,0.544,32.69207426930311
23,0.467,33.27434152402026
24,0.607,34.2816198511447
25,0.573,33.88943800220523
26,0.592,34.589745374944336
27,0.466,33.22350648767383
28,0.597,33.465623184994335
29,0.68,34.09864976369257
30,0.538,33.93341773106976
31,0.578,33.25586218261858
32,0.624,32.7503314252073
33,0.673,33.420886998552916
34,0.825,33.51260397701227
35,0.933,33.839877877439704
36,0.845,32.93351280543419
37,0.763,32.70618270794343
38,0.891,33.13866891642729
39,0.923,33.491786748723094
