,dT,mdi
0,0.25,33.09247233794273
1,0.034,33.07655921220223
2,0.224,32.95039280683742
3,0.048,32.38619823753787
4,0.05,34.36253352957292
5,0.096,34.63948509779997
6,0.243,34.41724548097479
7,0.282,33.04823861295934
8,0.179,33.38427399806776
9,0.361,32.826728064165984
10,0.339,32.478781859274086
11,0.125,31.556433173029163
12,0.166,34.02807765385483
13,0.234,32.06528327854678
14,0.377,33.413993481658046
15,0.277,34.85726428615233
16,0.422,32.374747179970726
17,0.577,35.684483491083974
18,0.324,34.99298553302866
19,0.331,34.908513676793454
20,0.489,34.489528477035755
21,0.543,33.1035136305977
22,0.544,35.1950463040794
23,0.467,34.27322291604591
24,0.607,33.56536254475108
25,0.573,33.508503835331744
26,0.592,33.58663982522956
27,0.466,33.77646074888045
28,0.597,34.30623726901814
29,0.68,34.72633935273833
30,0.538,33.56006971505508
31,0.578,33.160156160621405
32,0.624,33.60256105377377
33,0.673,33.98814764872526
34,0.825,34.847650493848846
35,0.933,34.42505327105596
36,0.845,34.75274918258813
37,0.763,33.376326398407315
38,0.891,33.2572337490257
39,0.923,34.9684020919062
