,dT,mdi
0,0.25,32.91902747108503
1,0.034,32.64567746735263
2,0.224,32.31779350446429
3,0.048,31.800350936714644
4,0.05,33.06999010893439
5,0.096,33.613195251656364
6,0.243,33.82715195467881
7,0.282,32.34731783642022
8,0.179,33.33519329642719
9,0.361,32.48883954633817
10,0.339,31.713939666588253
11,0.125,32.18550987558463
12,0.166,33.55791824240215
13,0.234,31.986633096113433
14,0.377,32.79254780314074
15,0.277,34.00929145373341
16,0.422,31.76897349010198
17,0.577,34.90588052389322
18,0.324,34.24267478518165
19,0.331,34.23142100503659
20,0.489,33.37964315992812
21,0.543,33.31161593732145
22,0.544,34.2676721001324
23,0.467,34.38543802448029
24,0.607,33.39010873185687
25,0.573,33.29401363350159
26,0.592,32.969300461498534
27,0.466,33.02857405410231
28,0.597,32.782234067837464
29,0.68,33.83589960691353
30,0.538,33.48152636692525
31,0.578,33.1683101392677
32,0.624,33.4838504105083
33,0.673,33.64519233989843
34,0.825,33.40566942533923
35,0.933,34.37065057008147
36,0.845,34.413484011393415
37,0.763,33.19622142507665
38,0.891,32.87178068432581
39,0.923,34.066982656168356
