,dT,mdi
0,0.25,34.63549489280884
1,0.034,34.07898908653612
2,0.224,34.382424986196334
3,0.048,33.905659284175655
4,0.05,33.7154157465346
5,0.096,34.74730293781544
6,0.243,34.09410737246646
7,0.282,34.39917552838873
8,0.179,33.49476286620125
9,0.361,34.52811098152837
10,0.339,33.376887052741345
11,0.125,33.43605644546233
12,0.166,34.172857949121955
13,0.234,34.08506030762079
14,0.377,34.14095714769622
15,0.277,33.66658254677062
16,0.422,34.194636456490656
17,0.577,34.42651053490154
18,0.324,34.05772788526639
19,0.331,33.79372927040921
20,0.489,34.0820673561672
21,0.543,34.62684690749313
22,0.544,33.78290865132108
23,0.467,33.76646648930447
24,0.607,34.41036577307081
25,0.573,34.79449509152565
26,0.592,34.89242280393006
27,0.466,34.243924277671255
28,0.597,34.086809990363605
29,0.68,34.56349313015454
30,0.538,34.51113941697092
31,0.578,34.52991646430604
32,0.624,34.27742428927209
33,0.673,33.973770025742915
34,0.825,34.298384901312716
35,0.933,34.89727664878933
36,0.845,34.252735352915145
37,0.763,34.51459200799459
38,0.891,34.85027719871379
39,0.923,34.46566440940398
