,dT,mdi
0,0.25,31.989783798388
1,0.034,31.24760253248568
2,0.224,32.398808777173535
3,0.048,31.786630479490434
4,0.05,30.91389890745417
5,0.096,32.63421421071539
6,0.243,31.61355567769325
7,0.282,32.967753828377795
8,0.179,31.509466963053185
9,0.361,32.98023683396579
10,0.339,31.77026392658136
11,0.125,31.33311131043415
12,0.166,32.0523844348461
13,0.234,32.28040701017579
14,0.377,31.544806976269072
15,0.277,31.42073336427284
16,0.422,32.16543786541471
17,0.577,31.461966966378235
18,0.324,32.21957566205209
19,0.331,31.1005551487611
20,0.489,31.782935924794074
21,0.543,31.3075381440973
22,0.544,31.46631375456826
23,0.467,30.962181461886935
24,0.607,31.65919905332865
25,0.573,32.87552871209869
26,0.592,31.879284574312603
27,0.466,31.769104223070112
28,0.597,31.83341060895318
29,0.68,32.0125984932363
30,0.538,31.704040613693078
31,0.578,31.39246389506961
32,0.624,31.38618970439597
33,0.673,31.483946668702707
34,0.825,32.49497509779198
35,0.933,31.809586413932315
36,0.845,31.493699663989275
37,0.763,31.702693252728793
38,0.891,31.316264533230978
39,0.923,31.452955537039998
