,dT,mdi
0,0.25,34.42441097210699
1,0.034,33.777821858666584
2,0.224,34.16259638847424
3,0.048,33.60259241124632
4,0.05,32.82793417695048
5,0.096,34.49724132147555
6,0.243,33.92484306889176
7,0.282,33.63080865714396
8,0.179,33.047057696119296
9,0.361,33.99840980516099
10,0.339,33.68100898051632
11,0.125,32.88810101574384
12,0.166,33.97991308195172
13,0.234,33.93757752852667
14,0.377,33.64821928190516
15,0.277,33.1201999565149
16,0.422,33.52565743368034
17,0.577,34.18330157136718
18,0.324,33.80768664760676
19,0.331,33.39829729348453
20,0.489,33.47427876854153
21,0.543,33.63421804133841
22,0.544,33.13605092723491
23,0.467,33.30489716951847
24,0.607,34.3595833592861
25,0.573,33.61537539741424
26,0.592,34.246008372208294
27,0.466,33.821283731655825
28,0.597,33.53579007405702
29,0.68,34.42197206446304
30,0.538,34.11285567979122
31,0.578,33.54429507228249
32,0.624,33.56885198953877
33,0.673,33.84425347861467
34,0.825,33.373532208197545
35,0.933,34.194773886702535
36,0.845,33.32106243307139
37,0.763,33.084247630517325
38,0.891,33.30308024131337
39,0.923,33.884475740873235
