,dT,mdi
0,0.25,31.652431141345488
1,0.034,30.451819528234097
2,0.224,31.37730662400721
3,0.048,30.53358575417817
4,0.05,30.598832295348
5,0.096,31.595537084599258
6,0.243,33.168641749075974
7,0.282,32.318387646626356
8,0.179,31.012683435939515
9,0.361,31.10859648749325
10,0.339,31.03745127640886
11,0.125,30.567759988344626
12,0.166,31.75071317231331
13,0.234,30.248830400838383
14,0.377,31.727084913881015
15,0.277,31.414510137020045
16,0.422,30.46904552319374
17,0.577,32.05616327376399
18,0.324,31.645061526517132
19,0.331,31.5141305021103
20,0.489,33.07428087632842
21,0.543,31.30973659893116
22,0.544,32.756930487631344
23,0.467,31.053258547602994
24,0.607,32.64113839151225
25,0.573,31.33414164329413
26,0.592,31.51808890867536
27,0.466,31.97381549666712
28,0.597,31.571091480329194
29,0.68,31.981820049081914
30,0.538,32.00544702920369
31,0.578,31.9746548675108
32,0.624,31.031196807853206
33,0.673,32.295767265143105
34,0.825,31.759712095672576
35,0.933,32.27475319417237
36,0.845,32.15009698691422
37,0.763,31.841869304288196
38,0.891,31.56020732206741
39,0.923,34.215666059819625
