,dT,mdi
0,0.25,34.13501236484977
1,0.034,33.24851550077721
2,0.224,32.83909865387554
3,0.048,32.82624603591435
4,0.05,32.43801389411405
5,0.096,33.72799340288377
6,0.243,33.14337702207322
7,0.282,32.99746139587466
8,0.179,32.461733276446424
9,0.361,32.839734028000855
10,0.339,33.36680261711802
11,0.125,32.41000596202289
12,0.166,33.286177675966854
13,0.234,33.01496214471956
14,0.377,33.37861354021256
15,0.277,32.38430063169308
16,0.422,32.74439498999832
17,0.577,32.84142639511437
18,0.324,32.98199475134362
19,0.331,32.8638842365672
20,0.489,32.49823610263318
21,0.543,33.23900635726228
22,0.544,32.283107657179215
23,0.467,32.41856398609098
24,0.607,33.85975065262393
25,0.573,33.474021534456924
26,0.592,33.95966409249353
27,0.466,32.46256521513359
28,0.597,33.167792703996746
29,0.68,33.77884121016656
30,0.538,33.37541833005153
31,0.578,32.555183244604166
32,0.624,32.30813164520428
33,0.673,32.8966228288787
34,0.825,32.75631379623427
35,0.933,33.655259977177394
36,0.845,32.26625206823776
37,0.763,32.302931453331084
38,0.891,32.737290350752225
39,0.923,33.12840901553514
