,dT,mdi
0,0.25,32.42450235310055
1,0.034,31.841330354211106
2,0.224,33.38641286414609
3,0.048,32.04612836023137
4,0.05,31.244997262044123
5,0.096,33.00030798214628
6,0.243,31.988335363347723
7,0.282,33.442442984131524
8,0.179,32.09054471765086
9,0.361,32.91087025871003
10,0.339,32.334397455475624
11,0.125,30.9046894371209
12,0.166,32.315036005832916
13,0.234,32.4818751858393
14,0.377,31.69605916781108
15,0.277,32.04645269439054
16,0.422,32.39210908320689
17,0.577,32.45295577692031
18,0.324,32.468410327991705
19,0.331,31.62620490117756
20,0.489,32.773891497762975
21,0.543,31.66708509988939
22,0.544,31.5664429323204
23,0.467,31.241707375462454
24,0.607,31.959803538469288
25,0.573,33.285139432082126
26,0.592,31.906670175067703
27,0.466,32.40658538505451
28,0.597,32.10754875958974
29,0.68,32.176032920798264
30,0.538,31.346536667932895
31,0.578,31.831804961225764
32,0.624,32.16154117652166
33,0.673,31.873173553649984
34,0.825,32.146726561770365
35,0.933,31.81979147168289
36,0.845,32.235611289750835
37,0.763,31.800683719028495
38,0.891,32.017873405086576
39,0.923,31.967394359431466
