,dT,mdi
0,0.25,33.845197902474126
1,0.034,33.42587465880319
2,0.224,33.665438148489685
3,0.048,33.46478837639578
4,0.05,32.718729733802334
5,0.096,34.30600313467482
6,0.243,33.859150656993236
7,0.282,33.386798190873876
8,0.179,33.21888552898689
9,0.361,33.38878895640494
10,0.339,33.508875256187714
11,0.125,33.36746404160052
12,0.166,33.39843750694298
13,0.234,33.511956754660595
14,0.377,33.541768015115665
15,0.277,33.12430356423177
16,0.422,33.38321135909925
17,0.577,33.991340603618
18,0.324,33.33710968659309
19,0.331,33.04634657766861
20,0.489,33.16277813581361
21,0.543,33.11017889894731
22,0.544,33.252616004680235
23,0.467,33.44792860434925
24,0.607,33.98280813669765
25,0.573,34.26993903820284
26,0.592,34.31246171050013
27,0.466,33.51992192911553
28,0.597,33.43708718567456
29,0.68,33.76152895347197
30,0.538,33.394807375063316
31,0.578,33.33557586605525
32,0.624,33.56253178189432
33,0.673,33.92367197037592
34,0.825,33.26053709502601
35,0.933,34.007908815413245
36,0.845,33.84352358791536
37,0.763,33.47112488468205
38,0.891,33.69868003923123
39,0.923,34.16697988481226
