,dT,mdi
0,0.25,34.2308514220656
1,0.034,33.49725027559328
2,0.224,33.15865426996528
3,0.048,32.92348330851876
4,0.05,32.40190338126483
5,0.096,34.14750766157524
6,0.243,33.14604757540844
7,0.282,33.251100450352475
8,0.179,32.49637874880993
9,0.361,33.044138339387224
10,0.339,33.565390807444075
11,0.125,32.70947420171822
12,0.166,33.628624810161575
13,0.234,33.15120802674618
14,0.377,32.83369176419139
15,0.277,32.455024121007625
16,0.422,32.798705083573594
17,0.577,32.973160866799006
18,0.324,33.13873662312585
19,0.331,32.82872504946951
20,0.489,32.80362911397897
21,0.543,33.13394422539895
22,0.544,32.59571391044767
23,0.467,32.748724820977785
24,0.607,33.90331393841506
25,0.573,33.523988557573034
26,0.592,33.85601894948666
27,0.466,32.61139517317703
28,0.597,33.12234057407479
29,0.68,33.6390645061172
30,0.538,33.33074439878073
31,0.578,32.89074516651457
32,0.624,32.5006210007009
33,0.673,32.86410967130476
34,0.825,33.051412754555926
35,0.933,33.64005525078775
36,0.845,32.48847521636339
37,0.763,32.58059746173213
38,0.891,32.7168147847774
39,0.923,33.25625327020923
