,dT,mdi
0,0.25,34.15121128989398
1,0.034,33.1364360022672
2,0.224,33.045298042648135
3,0.048,32.98707982322217
4,0.05,33.05918525693501
5,0.096,34.26041912984593
6,0.243,33.47173777802516
7,0.282,33.450688376620775
8,0.179,32.791757118278866
9,0.361,33.885371223412726
10,0.339,33.358674205514625
11,0.125,32.52405052565523
12,0.166,33.64907757591302
13,0.234,33.589144825244645
14,0.377,33.45165523342327
15,0.277,33.22439115854934
16,0.422,33.38467428774573
17,0.577,33.15244886039707
18,0.324,33.78287245211954
19,0.331,33.59336361781897
20,0.489,32.72550632232684
21,0.543,33.59766041022301
22,0.544,32.60019644132142
23,0.467,33.28680756125013
24,0.607,34.173604665238564
25,0.573,34.29676095075908
26,0.592,34.36043435009891
27,0.466,33.09604370341902
28,0.597,33.22328522140062
29,0.68,33.862272680034664
30,0.538,33.61077719037833
31,0.578,33.31679007733584
32,0.624,32.53205021903701
33,0.673,32.90606112009807
34,0.825,33.430987492457135
35,0.933,33.59978135274447
36,0.845,32.914649158869814
37,0.763,32.765030946808224
38,0.891,32.706321912397726
39,0.923,33.335808525737235
