,dT,mdi
0,0.25,33.892283621157084
1,0.034,33.102291066114475
2,0.224,31.985003106808115
3,0.048,33.14257820648385
4,0.05,32.94589853065921
5,0.096,33.5610932662627
6,0.243,33.13961077114438
7,0.282,33.22791636020952
8,0.179,32.52126921209778
9,0.361,33.444781777555114
10,0.339,33.17211938212815
11,0.125,32.35055706778999
12,0.166,33.33803170352522
13,0.234,32.94165540882072
14,0.377,33.420030089425
15,0.277,32.62630115806806
16,0.422,32.87368272005846
17,0.577,32.883711327004534
18,0.324,33.43440023261056
19,0.331,33.02018094392624
20,0.489,32.360925134135435
21,0.543,33.245793933375055
22,0.544,32.49277671300076
23,0.467,32.370743685399916
24,0.607,33.8963601859197
25,0.573,33.45466249941471
26,0.592,34.088651492519006
27,0.466,32.1666281918645
28,0.597,33.0037299119772
29,0.68,32.57462081426
30,0.538,32.9593464180799
31,0.578,33.1753031953844
32,0.624,32.0319998951671
33,0.673,32.5968936729671
34,0.825,32.65531020498027
35,0.933,33.34735160841687
36,0.845,32.347040479103185
37,0.763,32.48696568061924
38,0.891,32.44442759983551
39,0.923,33.34849681372978
