,dT,mdi
0,0.25,34.324039058372676
1,0.034,33.63795016647869
2,0.224,33.98719206556024
3,0.048,33.81230436009291
4,0.05,33.28129727779569
5,0.096,34.20866473108636
6,0.243,33.82362928885942
7,0.282,34.15763864213988
8,0.179,33.136418694971184
9,0.361,33.84087230028214
10,0.339,33.33260084540072
11,0.125,33.37193778868202
12,0.166,33.52852643205503
13,0.234,33.43657948978532
14,0.377,33.590194433983456
15,0.277,33.42262006991082
16,0.422,33.68804778548492
17,0.577,34.177890017927574
18,0.324,33.79916477907153
19,0.331,33.5470328571552
20,0.489,33.66064307974558
21,0.543,34.07025494668986
22,0.544,33.303957538063116
23,0.467,33.395589872643775
24,0.607,34.18037896917282
25,0.573,34.803507602366295
26,0.592,34.31824285500318
27,0.466,33.84222900925331
28,0.597,34.029525541487374
29,0.68,34.41474082870157
30,0.538,33.96376400027756
31,0.578,33.86064817998699
32,0.624,33.97483216307689
33,0.673,33.38464707775986
34,0.825,34.01262230554635
35,0.933,34.30575324391708
36,0.845,33.799615672127466
37,0.763,34.039292269391375
38,0.891,34.27133137417107
39,0.923,34.392873933212655
