,dT,tw
0,0.25,29.509378399514446
1,0.034,29.126001977069166
2,0.224,29.823340971818084
3,0.048,29.43886603773052
4,0.05,29.40936198784243
5,0.096,29.742776833996004
6,0.243,30.751651769874
7,0.282,29.633544640442494
8,0.179,30.200652504296954
9,0.361,29.608066268043444
10,0.339,28.576348609457
11,0.125,28.61750415349917
12,0.166,29.998496354890847
13,0.234,30.10595053373538
14,0.377,29.83589118305582
15,0.277,30.37997607314935
16,0.422,29.45093828282961
17,0.577,31.04102150149754
18,0.324,30.69596261671063
19,0.331,30.021133193801802
20,0.489,30.201399273846732
21,0.543,29.915147706896278
22,0.544,30.096558871361594
23,0.467,29.607688018454382
24,0.607,29.757181685171986
25,0.573,30.258502473587384
26,0.592,29.910904994745522
27,0.466,30.07422147310109
28,0.597,29.576895056543037
29,0.68,30.412979131032273
30,0.538,30.112592962306394
31,0.578,29.888561280630142
32,0.624,29.86325603788947
33,0.673,29.66306214846213
34,0.825,30.009674790993643
35,0.933,30.41550151239727
36,0.845,30.631309398315352
37,0.763,30.051370581484946
38,0.891,29.961182546457167
39,0.923,30.87230192733631
