,dT,tw
0,0.25,29.9794459231382
1,0.034,29.707176199551327
2,0.224,29.443243749787655
3,0.048,29.318351873482925
4,0.05,30.314219374034053
5,0.096,30.099897637615413
6,0.243,30.8873349179903
7,0.282,30.576776736143074
8,0.179,30.67200437507745
9,0.361,30.36576661314689
10,0.339,30.181789263576945
11,0.125,29.53282665142632
12,0.166,30.24549697936419
13,0.234,31.00978796341684
14,0.377,30.176678300776075
15,0.277,30.355168278762847
16,0.422,30.19764115828775
17,0.577,30.830742292872912
18,0.324,31.051315527190525
19,0.331,30.298106824063098
20,0.489,30.29249150005876
21,0.543,30.77428920919749
22,0.544,30.200679988591958
23,0.467,30.894035607173862
24,0.607,30.536589459185677
25,0.573,30.10385485953958
26,0.592,30.23935002210436
27,0.466,30.135013264449015
28,0.597,30.41259838259134
29,0.68,30.755701726003963
30,0.538,30.543344309979318
31,0.578,30.345502091138428
32,0.624,30.50381191566055
33,0.673,30.289743217777755
34,0.825,30.39768125569492
35,0.933,30.38903247325942
36,0.845,30.213178369509137
37,0.763,30.3105998846641
38,0.891,30.66781416787603
39,0.923,30.75833278944475
