,dT,tw
0,0.25,28.651260575245942
1,0.034,27.487583790446706
2,0.224,28.778270193855462
3,0.048,26.580383675869484
4,0.05,29.47927986136466
5,0.096,30.576437570137102
6,0.243,29.56451689910108
7,0.282,29.516552731832746
8,0.179,28.03967537847808
9,0.361,26.05754503929461
10,0.339,26.733664423171774
11,0.125,26.806810536560192
12,0.166,29.475656749416885
13,0.234,27.385017654386388
14,0.377,26.832018118357382
15,0.277,29.411192836460998
16,0.422,26.764349562044288
17,0.577,30.294115613977112
18,0.324,30.5260738877368
19,0.331,31.086178641291156
20,0.489,30.794229472665222
21,0.543,28.34061820159343
22,0.544,30.26337586781392
23,0.467,28.590704414970105
24,0.607,29.563326731553786
25,0.573,28.451222372731365
26,0.592,28.373966518820737
27,0.466,29.92636812244905
28,0.597,29.790007720017968
29,0.68,31.22889166234046
30,0.538,28.78079946955711
31,0.578,28.89434357763605
32,0.624,28.874443010545633
33,0.673,30.066176526369986
34,0.825,30.054771512650063
35,0.933,29.841666385465146
36,0.845,30.44781509597658
37,0.763,29.069032716846323
38,0.891,28.468730724560032
39,0.923,30.92672697886792
