,dT,tw
0,0.25,29.979421015916046
1,0.034,30.29564262702013
2,0.224,30.238304554120646
3,0.048,30.06026162715483
4,0.05,29.593387042204768
5,0.096,30.204879274052132
6,0.243,30.78396496968071
7,0.282,30.109016786139136
8,0.179,30.420746296047867
9,0.361,31.15186952218278
10,0.339,29.99649139380176
11,0.125,29.6631818312145
12,0.166,29.681848133430833
13,0.234,29.823438430289684
14,0.377,30.20157226128174
15,0.277,30.11172712763596
16,0.422,30.802769893457764
17,0.577,30.994494868339928
18,0.324,30.787851024746374
19,0.331,30.254672346037296
20,0.489,30.7856594561394
21,0.543,30.57120283853078
22,0.544,29.97698794772748
23,0.467,30.25365607079351
24,0.607,30.485397292538437
25,0.573,29.714242333220056
26,0.592,30.095586142024104
27,0.466,30.09056430527653
28,0.597,31.45363941729869
29,0.68,30.511246806901568
30,0.538,30.24354696366487
31,0.578,30.92846944107663
32,0.624,30.37649712358683
33,0.673,30.506940868535935
34,0.825,30.430159639395526
35,0.933,30.36104233625531
36,0.845,30.30009694994044
37,0.763,30.279180400854045
38,0.891,30.58225613320269
39,0.923,31.33148347106993
