,dT,tw
0,0.25,29.831381461383046
1,0.034,29.535360350823623
2,0.224,29.6879508295973
3,0.048,29.656569509194696
4,0.05,29.38944126677569
5,0.096,30.059537794678135
6,0.243,30.419218705024946
7,0.282,29.797882240515207
8,0.179,30.499983658777467
9,0.361,30.827423890652312
10,0.339,29.923588927534183
11,0.125,29.407414556678418
12,0.166,29.377181499675373
13,0.234,29.76523685862793
14,0.377,30.078015761222616
15,0.277,29.865227104673295
16,0.422,30.255424084919753
17,0.577,30.936979390142824
18,0.324,30.531234911858007
19,0.331,30.03689953935691
20,0.489,30.469061051649703
21,0.543,30.840172656920345
22,0.544,29.53784102661723
23,0.467,30.008225112258742
24,0.607,30.159465837888035
25,0.573,29.573333962944787
26,0.592,29.951821827513072
27,0.466,29.98151927926631
28,0.597,30.710744734054686
29,0.68,30.5514478621335
30,0.538,29.992748687202663
31,0.578,30.4280446595605
32,0.624,30.190224113732825
33,0.673,30.367032003014742
34,0.825,30.23833136226284
35,0.933,29.849697842522403
36,0.845,29.753160075195524
37,0.763,29.892561282692668
38,0.891,30.773372489761584
39,0.923,31.095049415323672
