,dT,tw
0,0.25,30.37831646903362
1,0.034,30.8583877685939
2,0.224,30.386785918902262
3,0.048,30.034443327993472
4,0.05,30.764380283561877
5,0.096,30.9603279268228
6,0.243,31.373624231514157
7,0.282,30.687145678188017
8,0.179,30.553874641249138
9,0.361,30.55336290277654
10,0.339,29.297623729725217
11,0.125,29.457254642474595
12,0.166,30.98049978678455
13,0.234,30.26029460417061
14,0.377,30.37717603182341
15,0.277,31.153947951347675
16,0.422,29.602049707038475
17,0.577,32.18833312096666
18,0.324,32.06935957623455
19,0.331,31.567732970052987
20,0.489,31.50177030658523
21,0.543,31.44301843906419
22,0.544,31.523439602597193
23,0.467,30.9559934789757
24,0.607,30.721418481624596
25,0.573,30.548146254500523
26,0.592,30.82365390622283
27,0.466,30.71564957086173
28,0.597,30.731464751399983
29,0.68,31.670477551565284
30,0.538,31.227100183944856
31,0.578,31.040795114766183
32,0.624,31.12469002351787
33,0.673,31.753644620745774
34,0.825,31.339090027833493
35,0.933,31.91789432079355
36,0.845,31.473717650380706
37,0.763,30.689718566770637
38,0.891,30.683612148835948
39,0.923,32.054239756116374
