,dT,tw
0,0.25,29.81513090317725
1,0.034,30.08999650082768
2,0.224,29.491816948961116
3,0.048,29.405828846475856
4,0.05,30.17986224999396
5,0.096,30.8431757120955
6,0.243,31.027384685808897
7,0.282,30.074579017786334
8,0.179,30.28856794351418
9,0.361,29.912045230314902
10,0.339,28.836173959808775
11,0.125,28.99604018079492
12,0.166,30.709664010002427
13,0.234,29.759354592437546
14,0.377,29.58035113601909
15,0.277,30.764690606724116
16,0.422,28.27907260690688
17,0.577,31.846364352204148
18,0.324,31.340010318383804
19,0.331,31.12161579992818
20,0.489,31.024305034430427
21,0.543,31.004211037856123
22,0.544,30.816985036518133
23,0.467,30.8533857030622
24,0.607,30.178827007954226
25,0.573,30.584531735126006
26,0.592,30.013403808234443
27,0.466,30.339244323495507
28,0.597,30.012813281061085
29,0.68,31.372620184959032
30,0.538,31.026928757199528
31,0.578,30.093585609023876
32,0.624,30.71803209690188
33,0.673,30.824498807803252
34,0.825,30.751701569079785
35,0.933,31.190307435884222
36,0.845,31.31838507245527
37,0.763,30.126031636506127
38,0.891,29.971692329058158
39,0.923,31.363587721554552
