,dT,tw
0,0.25,29.682314531627753
1,0.034,28.970816776953086
2,0.224,29.455238406099568
3,0.048,29.66213809802622
4,0.05,29.327960926710034
5,0.096,29.907266413588843
6,0.243,29.965272087687538
7,0.282,30.128974643508627
8,0.179,29.517369635818852
9,0.361,31.172416065377547
10,0.339,29.151840929546836
11,0.125,29.309605381300685
12,0.166,29.864337890795355
13,0.234,29.68522011957674
14,0.377,29.463892253560914
15,0.277,29.728052292336884
16,0.422,29.96783726963838
17,0.577,30.383542214928582
18,0.324,30.444798246692983
19,0.331,29.32763320054056
20,0.489,30.184939791507702
21,0.543,29.5713418580566
22,0.544,28.940273001631965
23,0.467,29.51748906775026
24,0.607,30.14954983200647
25,0.573,29.432690586957335
26,0.592,29.554482877799785
27,0.466,30.074535653181385
28,0.597,29.672945477909423
29,0.68,29.73443254591433
30,0.538,30.3833714427023
31,0.578,29.270776919378875
32,0.624,29.70340843111495
33,0.673,29.949664301790676
34,0.825,29.852223436472627
35,0.933,30.385530156733523
36,0.845,29.974533312874712
37,0.763,29.45265965578585
38,0.891,30.167580170329813
39,0.923,29.85678012409312
