,dT,tw
0,0.25,29.130626004323346
1,0.034,28.81472916584488
2,0.224,29.510375560840885
3,0.048,29.159089335929252
4,0.05,29.228719596114843
5,0.096,29.524231169073744
6,0.243,30.478294971693572
7,0.282,29.36842275175775
8,0.179,29.753129141766635
9,0.361,29.458955972969704
10,0.339,28.09829346553721
11,0.125,28.283194561165374
12,0.166,29.59293062816141
13,0.234,29.491846443577117
14,0.377,29.623628643841755
15,0.277,30.222276416577074
16,0.422,29.16022579501572
17,0.577,30.88332861761728
18,0.324,30.575061034971895
19,0.331,29.739910108359595
20,0.489,30.061775924968288
21,0.543,29.466283908001515
22,0.544,29.794316954588226
23,0.467,29.405809684776386
24,0.607,29.481131987110643
25,0.573,30.047241949366082
26,0.592,29.63199054992964
27,0.466,29.769593823248158
28,0.597,29.21521494580793
29,0.68,30.192700174681647
30,0.538,29.869235430693834
31,0.578,29.551319922734194
32,0.624,29.442149046799045
33,0.673,29.46963436430667
34,0.825,29.82915554778475
35,0.933,30.217382140575978
36,0.845,30.276234641429483
37,0.763,29.807995773316293
38,0.891,29.598880289111833
39,0.923,30.821853197655173
