,dT,tw
0,0.25,29.550383953696553
1,0.034,29.495356636888346
2,0.224,29.20201508635114
3,0.048,29.214360225979078
4,0.05,30.515533447540975
5,0.096,30.834454163963983
6,0.243,30.873179295379543
7,0.282,29.72680008056267
8,0.179,30.057492006193115
9,0.361,30.047602181152172
10,0.339,29.453679570149347
11,0.125,29.12291151631166
12,0.166,30.569911090714186
13,0.234,29.425846263281073
14,0.377,29.900756752272343
15,0.277,30.96236173386626
16,0.422,28.490617125118945
17,0.577,31.647989354687923
18,0.324,31.042392790780355
19,0.331,31.119144992955796
20,0.489,30.572288206839403
21,0.543,30.496020394152595
22,0.544,31.268684412958635
23,0.467,30.603113726005404
24,0.607,30.299828967057067
25,0.573,30.239909410667508
26,0.592,30.422261594104043
27,0.466,30.0366872379185
28,0.597,30.44090615919839
29,0.68,31.07106657364443
30,0.538,30.790405506930426
31,0.578,29.775541047574848
32,0.624,30.364043790995822
33,0.673,30.684930263546164
34,0.825,30.779416439974455
35,0.933,30.9348099271092
36,0.845,31.40119361848167
37,0.763,30.032204001787022
38,0.891,29.85332764787512
39,0.923,30.675241566851753
