,dT,tw
0,0.25,29.597380315091755
1,0.034,29.965769311216604
2,0.224,29.574762290767353
3,0.048,29.27687161396659
4,0.05,30.0426376806883
5,0.096,30.664300370960802
6,0.243,30.929503660001558
7,0.282,29.849491156083502
8,0.179,30.181494369510347
9,0.361,29.532872973746123
10,0.339,28.766528544100822
11,0.125,28.700768386508344
12,0.166,30.61915432476343
13,0.234,29.615947756728133
14,0.377,29.446735092775555
15,0.277,30.345307371380784
16,0.422,27.910199190924345
17,0.577,31.675404726171337
18,0.324,31.16241304771222
19,0.331,30.91391172332692
20,0.489,30.602604339725303
21,0.543,30.734356799143654
22,0.544,30.566250732453568
23,0.467,30.453112916869657
24,0.607,30.17369436775283
25,0.573,30.246054360300263
26,0.592,29.803813775071376
27,0.466,30.25044912592807
28,0.597,29.88226022167538
29,0.68,31.206145795303485
30,0.538,30.749100378749233
31,0.578,29.835848276566537
32,0.624,30.56250859653653
33,0.673,30.584283283773118
34,0.825,30.406675189815928
35,0.933,31.014918819549507
36,0.845,31.335221185762236
37,0.763,29.994898183646058
38,0.891,29.70107736290589
39,0.923,31.152099149204332
